1600
1318   844   454  1117   207   240  1578  1472   370   782   372   328  1555   434   496   425   382  1432   705  1542   473  1363  1551   783   215  1372    79  1189   455   751  1165   870  1067   310  1277  1475   787    55   651   484
1254   160   628  1131   603  1250  1427    66  1154   680  1560  1460   244   826   747  1163  1366  1081    71   912  1506   753   563  1271  1462   597  1087   943    44    34  1019    92   443  1349   795  1264  1115   824   641    49
1039   229   670    85  1589  1220  1448   554  1135  1395  1180   614   224  1141  1046    96   716  1367  1407   404   672  1224   200  1310  1174   727   574   919  1541   724   399   189   221   250   911   259  1047  1442  1063  1482
1590   196   832  1533   668  1599   308   251  1527   615   227   148   164  1572   712  1307   175   937  1096  1550   409  1569   140  1148   108  1360   461  1320   934   827  1120    74  1132   899   772    11  1030   506   812   586
   8  1085   264  1192   522  1536  1005   792   715  1048  1026    87   519   922  1501  1065   319  1086  1598  1493   385  1140   847  1291   567   191   580   888  1547   799  1009   582   623   205   640    40   983   234   821  1464
1134  1574   241  1571  1187   437    15     5    23   497   673    61   391   797    91    98   730  1389  1119   941   737   177  1481   268  1001   102   492   330   408   624  1170   698  1512    90  1150    20   529   953  1530     7
1337   442   988   656  1436    99  1401  1129  1076   845  1383   750   695  1241  1465  1545  1537  1045  1003   809   270  1423   481   439   665   839   739   202   153   514   864  1186   503    47  1274  1221  1213   291   638   403
 786  1362   178  1437   388   288  1109  1002  1564  1597   935   743   117  1420   663   992   810  1393   790  1303  1479  1398  1114   384  1292   933   201  1245  1284   531  1414   536   598    58   358  1018   263    30  1237    12
 520  1489   916   228  1596  1477   692   770   571   625    56   141   853  1083  1097  1513  1457   938   256  1194   217  1038   530  1374   900  1377   352   325  1104   588   421   756  1321   395   533   661  1351   591   186  1433
 460  1207   700   119   762   376   181   369  1336  1060  1184   999  1127   456  1022   689  1175    43  1105     6  1061   593   726  1428   297  1507  1262   600   714   538   947   172   212  1592  1340   931   309   445   261   777
 804   622   194  1524  1089  1406   568   746    27   435   462  1293  1441  1306  1486   627  1539   416  1300   302   984   249   336   587   940   318  1145   758    76   500   816  1496  1387  1197   362  1201  1098   476  1222   534
1073    70   854   517   398  1419   491   676  1426  1015   255   225   203   107   998  1381   685   273   901   873   429  1070  1435     9   572   887  1268   180  1171   976   327  1491  1593   834  1416   794  1069   764    22  1155
 420   769   950    14   498  1385   193   734   719   846   801   374   662   664  1305   146   906   150   948  1379  1295  1444  1314  1261  1027   653   548   732  1040  1519  1500   298   684   510  1247   601   650   833  1008   275
 785  1074  1576   239    63  1057   830  1265  1451  1478  1191   380     2  1126   552   269   831   488   703    19   110    68   323  1467   184  1458   138  1276   246  1064   774   204  1166  1350  1361     1  1327   185   284   168
1346  1239  1532   886   805   315   518   880   564   532   838  1204   448   760   652   867  1006   618   850   819   858   262   417  1103   218   909   307  1267   752   272  1317   415    33   993   802   512  1011  1331   151  1588
  39   296   216   780   521   759  1438  1256   468  1504  1403  1450    51    80  1509  1557  1058  1110   433   450   784  1476   277   397   559  1332   258   121   679   161   626  1581  1380  1523  1534   524   970   818   377   991
 114  1182  1240    31   347  1193  1248   836  1236   436   884  1452  1092   868  1535  1498  1136   893  1358  1181  1147  1529   257   585   729   611   608  1288   745   469   343   406   841   569   470  1143   807  1014   274  1311
1157  1084    21   619  1088   579  1042   722  1049   817   337   996   199   982   145  1517  1449   960  1128   765  1203   505  1487   414   190  1359  1577   735   631   690   879   923  1214   595  1341   766   646  1023   367   266
 908   592  1235  1584    13  1112  1543   744    86   914   761  1413   813  1568    94  1035  1269   109   924   155   815   929  1344   862   432   583  1454  1215   978  1054   994  1010   798   928  1315  1411  1169   558  1522   840
 610   748  1399   482   889   616   501   106  1217   820  1364  1339   447  1122  1439  1190  1188  1059   394  1013   312   717   465  1034  1024    78   876   918   441  1227   331  1028   581   183   104  1425   545  1138   383   660
 195  1559   478   278  1025   379   353  1118  1483   410   528  1208  1587   925  1521   741  1396   617   694   644   966  1253    36   112   235   969  1355   300   634  1055  1000  1375   418  1286   389  1218  1199    53  1210   848
1561  1007  1272   100   954  1376  1582   393   789  1325   865   989   691   123   669   237  1343   493   731    83   356  1078  1518  1153  1526  1495   542  1144  1211  1037  1294  1041   378   607   968   594  1258    50   710   763
1273   535  1108   814   485   411   768   869  1525  1595   115  1159   708   682   131   967    69   375   633   198  1494   129   283   279   313    77   344  1185  1531    93  1238   891    48   226  1068     3  1538   301   806   674
 452  1051  1173   835   366   387   142   609   697  1121   589   642  1198   242  1205   917  1330   630  1297   349   285  1575   479   322  1077   340   728   126  1107   355  1373  1296   926   345   693  1370   120   892    89   605
 654   701   949  1544   188  1323  1079   537  1319  1100   139   621  1066  1484   659   767  1233   657   187  1434  1283   913  1410   305   166  1386   964  1520    60   303   957  1075   247   725  1329  1036   874  1391   539   311
 346   920   875   755  1149  1017   174   335   629   955   562   299  1249  1167  1431   182   357  1012  1158  1556   675   986  1004  1308   573    62   749   271   666   849   486  1152  1463    75    64  1443   921   855   944   803
1430  1440   961   713  1528  1514   143    24   163   902   523   381   704   878   466   718  1470   541   788   176  1408   419  1176   317   230   546  1052  1563  1050   896   290  1570   444   757   965    73  1579   952   373  1421
  82  1394  1302  1275   578   179  1263   837    57  1565  1549    26   647  1480   147  1016   169   113  1281   101   128   688   686   232   122   842  1177  1123  1195   825   219  1554   905  1151   796   881    46  1459    59  1202
1365   487   338   248  1257  1101    45    97   707  1212   494   324  1508  1033  1338   471   222   363   648   390   490    95   971   431  1102  1388  1206   368    52  1505  1445   866   871   742   430   678  1094   645  1056   463
 632   449   811   859   499  1164   467  1471  1029  1466    35   231  1342   407  1161   371   332   295  1353   696   124  1586   956   116   570  1515   509   930   427   951  1404  1259  1600  1402   856  1591   936   915   525  1082
 451  1446   843   464  1225  1242   348  1142  1031   890   252   733   320   958  1333   822  1488  1371  1511   513  1368   635   894  1091   699   158  1111   565  1567   599  1566  1548   350   359   341   851  1280   963   412  1196
 423   364   658  1044   162  1146   946    38   779   990  1357   527  1216  1382  1106   134    25   556  1290  1298   781  1356   606   776  1133   681  1583  1461  1285   360  1415   720  1278   254   602   171   687   677  1503   197
1223   334  1553   306   361    72   576   577    16  1473  1113  1200   508   260   515  1072  1255   711   829   105   981   861  1209   214  1289   561  1316  1409  1429    81   863  1322   438  1352  1234  1328  1229   133   575    67
1324   683   973   553    28  1246   516  1080   709  1546  1160   396   543  1453   495  1124  1347   702   159  1168   211   639  1299   167   551  1348  1137   413   483  1219   294   910  1232   544   453  1226  1594   823   723   860
1378  1252   504   152   738  1400   655  1499   972   584  1562   267   292  1251   333   144  1301   111   557   979  1497  1502   872  1090  1071  1384     4   474   773   959  1516   613   329   136   137  1580   995  1354   208  1228
1244  1287   555  1156   612  1312   480  1447  1474   736  1183  1573   245   457   157    88   125   939  1304   281   620   477  1326  1369   428   316   637  1125    17   643   975  1390  1392   604   540  1230   549  1418    10   706
 997  1397  1455   130  1469   560   243   793  1335   883   791  1020  1558   667   974  1282  1270   852   721   265   282   649   932    18   550   547   233   877   304  1053  1130  1243   165   173   103    54  1405   446  1490   566
 280   895  1492  1021   507   286   808   238   885  1334  1424    32  1139   754   458  1279   236  1260   898   400   401  1412   903   422   636   671    37  1468   987   287  1417   132  1032   253   927   149  1585  1231   502  1093
 405   596   977   511   135   118   170   223   213  1266   220   775   980    29   156  1345  1095  1162   293   326  1485  1116   314   800   289   210  1540  1043   526   424   472   985  1172   402   962   392  1456   740   321   489
1552   354   440   882   771  1062  1422  1179   907    65   339   386   154   127   426   342   904   459   778   857   942   192   828   206    42  1309   276   351    84  1313   475  1178  1510    41   897   209   945   590   365  1099
