10000
 2284   9387   5709   8399   3491   4947    668    459   3633   1639   8570   8526   6811   4896   5609   1268   4015   1620   6881   8746
 9316   9465   5460   1792   1856   6587   4040   8272   3960   8585   6570   5313   3103   2090   1921   3466   7392   1030   4938   9111
 5697   1092   5907   4261   2453   1323   9717   5759   9766   1800   4898   7427    737   7171   9588   9171   7479   8319   7357   8514
 1469   8472   1238   5642   6713   7113   5132    708   9493   3179   7520    109    367   2827    808   1849   3753    308   7062   8980
 5242    271   8748   5224   1537   4048   6068   3837   4903   7757    476   8574   5949   5746   5064   4341   7299   8428    731   1182
 8775   4229   7283   2182   1728   2384   7692   6705   7120   7206   6917   2487   8359   4955    261   8075   2390     15    810   5585
 5210   1698   8289   7290   6924   2253   1577   5405   6392   2233   5388   7232   5108   3612   6849   7715   1629   5639   9433   6985
 6659   4100   7896   7274   2212   2660   5358    301   5934   6997   3661   9045   2325   3366   9524   3270   1217   1396   3594   8730
 8887   6512    689   4209   8126   9401     36   3575   9210   4076   3169    287   4624   2796   1305   3157   4907   9654   8799   4890
 8916   4432    398   8934   3554   5859   3602   7395    967   3939   7900   3250    298   1567   1197   2835   8177   9741   5498   4188
 9229   5093   6749   7151   6842   5012   2073    397   5019   3200   7884   1734   9076    404   2762   9735   7037   9233   5734   8003
 8052   6528   3912   7030   4038   9785   2285   4491   6465    773   1736   2398   7085   1095   8733   7492    471    848   4463   4392
 8896    137   2619   7503   6396   3752    783   9889   7764   8062   4969   6366   7920   6036    451    524   9921   5310    940    782
 8038   5147   9571   6977   1183   2041   8808   1090   7608   9197   2718   1489   4863   3228   5354   6592   8071   2513   9714   9774
  222   1099    631   2363   6983   4296    792   7321   6817   7226   1950   4693   4063   2171   1914   6198    873   2214   4606   7691
 5378   8404   7855   9849   1228    205   4951   4131   7093   7126    759   4760    513    576   5464   9024   5700   2922   7191   1655
 3017   6855   6393   1188   7204   2787   1925    330   4409   2620   4515   1421   9866   9835   4623   7216   6167   3088   9745   4339
 8666   4062   5140   5886    906   9799   9843   1213   3225   2221   6343   8248   9182   1229   6934   1473   8130   7696   4858   4560
 9581   8080   8430   6134   4156   9364   4850   6138   6726   5945   4665   6681   2443   7981   1151    727   9472   8846   3540   5761
 4883   3437   6600   7218   7469   1478   7069   3790   8019   3535   9283   5897   5756   7869   4198   8388   3280   4616   4461   4519
 6581   6901   5103   5231   4139   9541   7143   9811   2267   3148   2881   8631   4317   4148   8034   5768   7698   3027   7155   6635
 1049    530    389   5884   2452   7211   2804   4680    834    979   8578    463   9614   7235   9948   3367   2424   6892   2215    535
 1281   1742   9971   3806   6312   7482   5294   3406   7555   3390   4855    678   9751   6004    622   5263   8066    774   3009   6302
  139   9125   9041   5325   4804   3227   4663   5937   8926   8221   1278   4486   9716   9431   9105   1824   6593   4075   2536   9112
 6780    981   1321   6728   2317   5647   6594    974   8803   5101   5116   5397   1977   1851    606   8819   9266   7156   5217   8615
 1204    484   9280   8116   6626   4629   6629   5332   6136   1360   8462   4450   3747   3008   5809   1158   5341   8959   9322    719
 1262   2944   5754   2697   7651   1672   2815   9445   3264   4286   8240   9082   4920   6640   7410     97   3045   4193   1839   8204
 5072   1864    730   4290   2196   2148   1526   4168   7795   4107   6151   7150   8115   1745   7046   7056   1038   4109   9155   3368
 7934   7892   3852    751   2630   6923   4219   2434    507   7660    768   8967   3611   2746   3440   3258   4648    750   9550   8351
   51   6449   4404   9103   9144   5692   5480   3696   9960   6653   8209   4788   4057   8148    637   5122   2623   8499   7377   8833
 5203   3081   2826   8592   1004   8789   6228   7348   6181   2336    592   7372   6196   1479   6209   1768   2111    197   8117   7759
 4003   1387   6124   7970    726   7917    159   6630   7895   8423   2286   9099    154   7626   7688   6206   9244   9842   2937   3910
 8922   6496   7568    494    986   1551     63   3546    754   5278   7162   5184   2167   1753   8844   3818   7790   4982   9854   9145
 6290   2143   8233   2195   7402    315   8091   9054   4184   3309   3217   2089   8685   9423   7941   3488   4776   9306   8195   6289
 9844   8669   4018     59   4206    126   7544   8452   7958   5611    791   6615    838   6539   3265   8325   9428   4415   2236   6692
 6729   7279   5805   7593   5965   6964   3745   7141   2583   2458   8225   2412   6237   4535   8966   6022   8285    365   6682   1996
 8724    800   7343   4438    628   1419   9702   2502   5055   7508   5270   2955   3681   1517   1269   7680   6586   9504   6684   4630
 9624   3851   4280    184   3873   5514   6836   7792    939   9536    194   5021   8663   9177   2248   1068   5119   7595   8114   6935
 8324   3141   7223   1704   4646   1230   6003   3340   5393   4303   1118   8556   2137   9609   1520   3001   2557   5248   2682   5653
 9340   1841   5138   7253   1459   7701   6157   2800   2273   4510   5300   2555   9430   1338   8637   8768   4940   1507   2244   8432
 2459   1028    776   7924   1442   2493   5344   6662   3813   4186    189   5502   6857   6243   2433   6017   7714    890   8408   8022
 7551   8622   4321   7589   6266   9495   5820   9869   8971   1710   5946   3695   2691   6853   8927   9339   6929   9361   1180   3246
 5034   4632   8448   3378   9683   7971   9827   5206   3400    429   8372   6752   1744   8210   2278   8079   8558   2594   4434   9815
 8951   3382   1315   9292   5868   8477    443    111   9008   2687   7165    533   8194   4160   9757   9437   2307   5148   9395   2834
 8262   2512   2202    270   5221   5494   7678   6904   4255   5275   6874   7225    666   2948   1189   2837   2155   4905   6914    921
 6670   3381   5025   7889   6671   5090   4217   4849   1525   6732   7308   5306   5661   2142   6105   3153   3974   9887   3991   3402
   55   3765   1911   9505   1667   1626   9415   4009   4455   8898   4524   5334   7527   1286   8406   6292   3708   2866   6602   6754
 9941   9538   8403   6628   4163   7612   8113   5389   1328   3580   6702   7181   2460   9403   2348   2560   8061   5291   2615   8515
 7121   6194   9607   2173   6240   3384   6639   6329   1452   4370   8797   1919   7667   5571   4971   8708   4753   7207   2790   8864
 6656   8295   8235   3115    364   8189   9736   9079   9947   4405    839   1770   1848   2377   6378   8698   8699   6322   9914   5110
 6674   5056   5572   3377   1844   4709   1034   9693   9912   7728   8198   5438    899   1811   6948   6809   9871   2708   5088   9029
 2799   4934   3588   7154   3705   1306   7011   1362   1146   9039    498   9389   6210   5218   4485   7422   3697   8249   7024   3349
 4185   3374   8256   5176   6856   5960   7625   8222   7332   9853   7471   1547   3741   7578   1184   7153   9687   4750   7464   3419
  765    277   1611     28   2427   5044   3314   6413   3893   9154   5197   4998   5793   5694   9892   7998   1292   8141   8217   2288
 1400   3521   7443   6689   1788   3056    741   4267    282   6051   7202   3347   3144   2999   4957   7822   5601   1353   7337   8572
   92   9196   1712   5833   6714   4234   3186   4564   8106   9027   5222   7832   3337   7190   2541    823    944    313   6958   9017
 7366     77   6996   8231   8890   9549   3743   5529   9773   9680   4926   9764   9753   2965   3489    953   9185   5136   9451   9249
 3000   2439   8244   9547   9924   8174   1211   7888   1124   2177   8298   9250    817   2127   1485   8946   8032    199   8501    310
 6808    142   3261   3977   4158   8739   9640    777   5324   7327   6545   1713   2613   3032   9030   9405   6059   5343   6334   9519
 7731   8855   3231   5433   3506   7267   6353   8557   3015   2020    553   1843   7601   3672    656   8678   7487   5814   4962   1074
 4281   3511   8234    617   5495   8226   6226   5028   4717   2559   8419   8932   7668   6608   2717   1854   3098   7966   7413   2517
 1094   4293   7702   8360   5447   5624   5258     23   8805   8439   8030   7026   1689   1086   5046   2604   7926   1384   8410   6755
 6793   7534   8875   6718   8370   2158   3888   5844   9470   8901   6621   9657   9953   1035   9558   5303   5213   9422   7436   4884
 9782    664   9222   4467   1410   1572   7597   8482    996   4258   9705   9490   2270    421   7782   4765    872    512   3035   4900
 4316   5011   5674   2632   6963   5410   4098   3025   6820    749   1511   3868   9425   8036    795   1539   8300   8598   3172   2268
 2551   8320   2971    442   9781   9289   3468   8989   6414   5135   5848   5505   6368   9998   9167   7262   8559   6213   1947   2442
 9864   1720   2423   6837    736    399   6530   7304   8652   5212   7057   1951     86   6085   1413   3356   6113   5998   8365   1383
 2496   3932   2266   2193   6371   9561    682   3321   9595   1879   5962   9148   8277   6116   7826    837   3273   4865   4363   8369
 8136   3339   9429   6249   1147   1347   6128   9996   5245   3644   5416   9184   1433   4812   8816   7878   5030   7898   4557   7627
 3475   6165   1326   2783   1463   8183   3578   4090   2419   4170   2961   2208   3637    661   4323   2205   8154     53      1   7632
 8407   6909   3346   5367    989   8193   2942   7881   4513   5753   1984   2369   1793   6395   6109   9795    937    117   4877   2031
 6481   7827   2941   4421   3805   7842   1722   5534   2980   9723   8238   2798   5977   3454   7385   2916   1055   2678   9903    186
 1994   4704   1769   4943   5670   5527   6751   9272   2869   2600   3796   4518     66   1132   8743   5145   7079   5525   1405   8591
 8677   1187   7210   5201   9481   3021   1168   4372    820   8094    992   1552   7808   4407   5619   3459   8905   9629   5650   5853
 6295   8037   3687   9951   6489   1260   7781   5457   1633   1439   9284   2832   6142    407   9917   5008   7397   3829   9077     14
 9254    706   3803    326   1584   3392   9980    746   9500   5538   5638   8878   3084   5595   2080   8379    212   4022   7137   9248
 7176   9568   8575   7797   7405   3555   3166   8172   9969   3569   4831   3733   5076    234   7423   1607   1054   6698   5562   5532
 2188   8103   5944   8398   3945   8206   9034   8312   5042   5662   8617   6818    794    477   3492   9608   4060   1872   9164   6494
 9203   3057    100   3173   3479   3987   1380   4114    991   8297   6055   7780   6736   3901   8158   3110   6744   3887   6099   8483
 6086   9392   1150   8948   8481    911   6139   9153   2354   5260    249    870   5676   4276   7386   9020   6222   5151   5895   4641
  584   5790   6011   5991   6008   4617   4981   5864   7908   5379    103    114   7070   5975   5149   5727   2907   5720   6250   7081
 2038   8454   3586   6418   6900   1309   9231   7536   3051   2770   9812   7963   3587   4902   5406   1981   1474   6783   9003   7515
 8268   9942   4223   6960   3499   2025   4354   2497   3847   6339   6119   3541   5489   5513   5732    247   8135   1669   7458    853
 1938   3281   6533   3418   2481   3902   8490   1246    913   8456   5452   8353   5115   5146   4531   4794   8202   7478   6724   2659
 5852   9183   5077    827   5506   7365   4008   9278   5468   4355   6450    486   1201   1574    878   7793    685   8638   6679   7502
 1789   7020   9535   1512   8670   4157   7420   8707   7340   2438   3426   9508   5219     96     64   9592   5658   9619   7877   8653
  417   3853   5339   1109   6585   4743   6326   1194   3685   1625   6316   4320   5017   1016   7561   1877   1345   2903   1828   8278
   18   3126   1955   8882   3589   1725   2201   3435   4273   1845   4599   4924   3758    610   2163   6118   9449   5747   6665   7890
 6391   6672   3317    856   6734   5916   9830   1163   1714   1376   8642   5129   7521   4541   5563   8345   6651   6350   1372   5342
 3507   2810   8553   3504   5519   8451   8835   3300   9779   7463   8546   9410   6580   7084   8199     85   8352   6270   2095    211
 9794   6328   2663   4440    441   6622   4053   8868   8786   1369   1498   9945   3104   5564   3080   8005    384   4622   6323   6725
 3446   9382   6915   1138   6601   1425   4751   6014   7720   6215   5885   2677   1112    454   2830    233   3370   3416   7967   8301
 9480   3983   2520   8021   6324   3194   7248   1126   6880   7557   1105   7723   1087    475   2977   3016   9746     75   9047   7077
 2581   3835   3014   7231   2963   4268   3673   1941   1253   2957   4295   1141   5287   9511   7897    105   8054   1051   2274   7591
 1678    236    561   4772    704   1724   7028   7376   9784   6463   7951   4189   8847    712   5484   1799    546     80   1416   9106
 2898    422   4129   6260   9163    818   3732   4895   4871   3592   9733   7174   8201   8701   6103   7073   6262    842   9346   7450
  847   7596   7003   5825   7118   6885   2870   8450   6733   3956   5335   1868   6936   3064   7434   9158   4078    638   5574   3465
 1708   5483   5961   8118   6148   7675   9458   5704    892   2053   1623   3063   3471   8317   3607   9984   8364   5087   7771   6953
 3433    626   9886   1807   7494   9380   9881   9130   7007   5707   9434   6286   2758   8213   3609   2264     41   1438   7550    935
 1797   2064   2857   8588   2901   5772   3389   7972     22   1335   2318   3781   6169   6220   3706   3969   2865   1097   9935   4457
 1779   7351   8415   5159   1682   6721   1064   8675   1275   9216   6247   3292   1732   6429   7009   3815   4694   4782   8346   8737
 4737   3411   7794   9839   2516   4732   9326   1775   3010   6492   7187   8057   7161   9157   7309   4192   3855   9674   7743   4302
 6871   7188   9860   7828   3648   1239   6325   5177   6419   4384   8178   2668   8695     33   6642   2932    608   1363   1579   8873
 5018   1561   1348   9605   3530   2400   4180   2820   7250   8772     46    694   7807   7209   2337   6281   8758   8426   5118   1422
 4676   5472    272   9242   2035   2538   7293   4609   4352   1065   6735   8688   6422   4357   9858   7219   1320   2880   5373   9294
  515   6160   2019   1098    120    841   6460   1403   7476   4878   9539   9991   2296   8696   3680   9373   3500   5669   8826   4816
 1946    460    207   1031   6555   2486   3362   5824   4913   7823    239    819   6905    209   4897   3669   8047   5362   3395   3119
 5628   5490   8232   7320   8167   7342   9897   8338   5587   3136    413   7493    231   1381   2180   2695   2030    865   1638   4459
 5834   9061   2860   2584   3556   8505   8795   4108   8960   3562   5016   9771   7374   8020    879   7885   7559   5031   9863   8069
 3055   8070   9956   8604    680   6030   7298   3207   9225   4654   5838   5708   5167   9477   1825   3639    291   1382   6097   9627
 5782   9036   3830   5038   5282   9882   6505   9515   7943   9025   8874    948   7497   2327   6565   6332   1482   4786   4634   9393
 2775   8153    615   7539   7736   8511   1534   9010   1598   3842   1888   7866   8469   1557   1676   8814   5449   6147   5240   9824
 2114   2432   2698   9686   4464   8159   5450   7362   8397   9747   8371   6529   6544   2889   2822   2269   4270   1129   2262   9310
 6451    345   5441   6813   4331   2226   7616   6747   6009    634   8859   2022   7933   4264   8955   3551   7772   7512   2719    884
 9042   8610   5156   1519   9128   9200   8347   5920   9937   4862   2699   7051   6816   5807   9652   2009   7945   2227   8184   1171
 3178   6501   4032   7952   8504   3740   1083   4322   1013   7222   5675   1810   1733   6480   2614   2254   4700   2586   1392   9925
 1088   4848   5048   3519   4487   5626   9698   6980   8053   3075   1790   6401   8650   4723   2676   8759   2011   3486   3567   1352
  448   7775   1991   7984   9786   9752   1103   1871   4853     76   9742   8984   5276   2633   4528    697   4343   3652   5766   1961
 4230   9100   5298   6093   9473   9305   7148   8294   3287   1863   3856   6338    647   7449   3342   8606   9938   7830   4000   9590
   71   9427   8329   8424   8947   3636   7454   9852   7266    734   9397   5705   1593   1460    396    125   1220   1751   9739   5607
 3875   4289     95   9555   3791   3619   4181   5947   5181   2445   3420   2482   8545   9831    488   3998   8055   5400   9237   4306
 5327   2549   7738   7455   6436   3310   8726   7275   3242   2727   2326   3891    371   7579   3469   2065   1329   5280   5981   1248
 1850   5855   9325   5100   2825    845   9807   2488   6655   6652   1120   4961   5376   8044    619   5461   3788   5777   7864   6278
 9298   9005   8447   8842   7765   2430   4673   1280   7938   9762   9227   9303   2657   9331    578   4241   6990   8918   1029   1692
 3713   2540   5395   7748   5757   7652   6077   9476   5196   8064   5371   7953   9172   6945   7546     11   9645   7429   1945   2446
 2954   3322   1293   2909   4115   9930    387    473   6590    907   7230   6330     61    686   2152   1499   8594   1427   2331   2421
 1909   7872   7670   5504   3152   2395   4162   6294   5673   6870   3191   9114   8705   6045   9907   9820   2126   5640   3278   2920
  527    949   5493   3372   7133   9378   6231   2082   9355   8219   5861   7614   8127   4966   5143   5799    982   8719   8313   2382
 9958   9109   2110   8571   4980   5499   6488   5183   3351   2801   8085   7611   9562   2160   6771   7661   2811   4548   1071   4376
 9334   8528    583   6516   5760   8828   6802   4949   3643   4324   3808   5487   9416   9033    491   2344   2755   8156   4020   8162
 6633   1079   1020   9510   9979   9783   8212   9671   1252   3012   1601   4792   4754   4915   4147    825    426   3118   2868   7824
 7745   1513   1558   9092   1649   2247    674   9454   9362   1417    565   6023   7734   1543   9412   3957   7511   7653   6796   5142
 9593   9178   4179   1437   5870   1254   1939    654   8627   8552   4187   9162    851   3880    598    349   7193   4840    701   7799
 6320   2047   6456   6704    717   6720   9726    121   4030   2276   7684   6445   4579   1426   7071    903   2392   4134   2995   1026
 8463   3642   1616   1932   5903   3180   7847   8288   9230   1531   4287   1166   3524   6513   8977   5548   1809   6146   1236   4125
  412   2302   7737   2740    101   6362    187   1993   3444   7514   5996   8886   8800   2816   6076   7543   1366   2045   9579    411
 9062   1456   2407    735   5794    958   7277   9245   6207   1999   8822     17   2753   7840   4365   7656    511   2151   2192   3443
 9204    984   4446   6471   8752   6058   2567   7359   5533   9087   1798   6441   4046   3448   6969    351   9855   6711    165   7592
 3071    699   8429   8479   4797   5740   2640   3961   4910   2140   4702    755   8420   4767   9315   9080   5496   1532   4585   9857
   19    171   4439    318   5953    202   3297   2580   6203   8535   4914   4214   4025   1231   4672   5463   3552   5289   4631   6595
 9900   4640   4138   2845   4835   3197    646   6706   4311   7448   2224   3296   7925   6575   3860   8589   7036   9546   5549   8487
 3463   7368   7563   5715   9239   3210   4080   9576   6190   9859   6245   1367   2055   2037   3059   3775   2117    649   6784   2509
 4730   6546   4238   1006   1609   8613   5477   7105   5955   4017   4996   4826    147   5273   4687   3700   1787   5337   8143   9232
 2429   6866   3304   4909   2504   5641   6039   7719   3726     65   1565   4778   2638   7631   2479   9591   4728   5539   2772   7102
  167   7496   8583   4291   4016   7139   8761   7617   9081   1059   4589   1491   7254   8721   5737    339   1731    564   3620   8753
 9976   1763   7303   5714   1592   4130   4274   6397   4847   6370    855   8757   6070   3964   2836   1937   4050   1072   3763   7997
 9564   2396   6826   1226   2754   7856    293   6890    642   6342   2979   2689   2733   4846   7821   7517   5102   2994   3424   3558
 8976   6748   1067   8018   3383    673   3992   4371   9228   8095   6644   8218   4071    926   2756   4194    446   5635   5284   6921
 2882   8991   3498    242   1002   7783   8411   7200   4220   2050    612   1388   9065   3574    531   4927   1550   9328    997   5419
 6137   9474   8196    830   1930   3376   3069   2726   8798    493   6126    146   5971   9014   4844   2385   3757     47    945   3470
 1582   6888   8015   7571   9832   4891    218   4358   3920   6966   4575   6835   6311   5687   8939   7334    132   3999   9816   3414
 2211   5849   5773   2473   5015   2165   1198   7272    514   5352   1664   5155   9243   1971   8433   1885   9922   4146   5246   8609
 5900   1680   3077   8074   6089   3675   2546   4466   8738    567   5575   4645    425   2515   2951   8140   1172   5010   3238   8175
 4447   1590   4845   4111   5338   4388   8643   2874   5013   3523   4604   2225   4265   2794   4860   1356   7444   7599   7899     27
 6502   4297   2356   3211   1304   1759   1700   3095   4819   5427   2864   5745   5716   6790   5474   3168   1578   8375   3525   8512
 2476   9265   8149   3276   4327   3651     39   6989    134   7462   6454   7989   9628   9240   4653   2644   3125   2572   5565   8823
 7088   4176   9775   5486   2450    438    256   9321   5364   3331   2036   5956   3493   6140   2265   5448   5786   2797   9419     31
 6763   7789   9792   8405   2545   1316   3800   2319   3328   5810   9908   2149   9052   6199   9406   7300   8906   7015   6074   3774
 7603   9115   5724   3501   3693   3933   6052   6663   7909   9959   5581   8782   3288   3496   3177   5902   8104   5979   3584   8774
 9091    630   5978    116   7548   4414   3483   7659   5113   2239   8735    790   7441   2739   6271   9180   4252   8455   4413   9982
  660   9365    215   7288   3256   7237   6493   9663   7027   1891   6687   8990   2051   7749   2700   7379   7044   2745   3940   2345
  767   9972   5832   6186   9409   9318   3396   6765   8656   4247   1975   5845   2309    545   9040   9985   4882   1397   6061   5111
 4974   4851   2220   3409   7930   5837   6972   7857    681   4221   9046    871   3906   3787   1492   9124   6879   6906   5121   6547
 3234   8073   5992   8065   9703   5651   6197   8349   6283   3825   3039   1990   9072   4800   7270   3213   4601   1754   4084   3626
 8921    787   6314   6285   3656   3484   9806   3919   2817   1368    104   8166   1650   3931   1568   6444   8765    542   7883   5731
  444   6485   7542   2856   5691   1515   2547   8009   7122   4928   6201   7341   4941   4707   4058   2736   9352   9420   3786   6227
 3305   9681   2690   6351   1589   3338   5430   1424   2375   7711   9666   7999   4514   5592   5542   8602   6115   8618   5600   6318
 1618   8858    102   1313   4023   4766   3430   2884   6739   4391   1694   6685   4105   1272    575   1923   1451   9544   9035   6389
 2702   1500   4398   5516   1123   7406   8820   7964   2577   3720   3881   4204   4893   4869   1157   7180   7752    324    898   1687
  971   7742   2338   3801   5314   6468   2505   7480   3615   8925   3819     56   3904   9533   6407    793   8804   9293    213   5307
   79   3379    177    831   4529   1100   7753   5775   4251   3770   9192   5241   7050   6776   6455   4082   7048   5123   9760   2119
 7227   1973   1115    420    933   5854   8380    214   3474   3425   4570   8494   3083   1346   8582   7313   5543   6363   5234   7556
 2059   2298   4387   5614   7646   2852   9135   6083   1608   5699   7403   8246   2372   8792   3209   1050   8933   9509   3020   9456
  525   2701   1858   4690   3074   1040   6062    813    702   8924   5739   8016   4246   8645   1812   6357   8139   4759   5346   9090
 7018   3434   1011   1450   2984   4294   4775   2518   7269     78    860   5061   3241   2966   4035   7246   5778    968   5588   1378
 2506   1786   7409   8564   5831    251   9147   4422   8727   3909   3187   1104   7835   7490   5002    779   2737    607   8937   5253
 5079   2133   1475   9975   7416     10   3160   3907   8974   5050   1288   5024   2222   2342   4278   2839   3641   8649    714   4380
 7294   6364   7567   1257    858   3260   2970   6762   5035    235   9139   6510    359   1022   4872    770   6188   1407   3034   4718
 5867   8146   2410   1043   4239   4318   6970   6503   1219    965   3549   5813   4079   1819   9468   1483   4607   3348   2116   4227
 1747   1458   9964   8580   8769   5047   7912   6564   5399   8629   3085   6256   9706   6862   5319   1221   2673   5387   8043   5320
 1044   6772   2397   4761   7707   2666   3867   2402   8286   4253   2314   5722   1771   5553   9388   9633    156   4829   5818   3780
 7149   6524   7173   7730   5005   4091   2004   9901   9573   5524   2324   5060   4598   1240    223   7378   7635   3725   2415   6919
 8258   1679   3033   8098   5369   8444   8773   8099   4195   4300   6509   5830   4959   9639   1191   9644    900   8354   1562   1696
 5684   4559    677   5803   3013   7203   3545   2896   4856   8679   7382   5228    374    541   3453   8843   8534   7774   3345    659
 8544   4266   4045   1794   4963   5163   5883    508   9009   3123   2596   3577   2462   5857   3192   9700    196   3771   3294   5598
 7650   4821   9083   7280   1440   6404   6647   1866   6120   7549   1357   6459   7562   2183   9643   9089   7995   6412   6616    775
 5350   5193   1998   6287   7451   4999   5375   1386   4667   7581   4427   3007   7613   4039   8895   8035   2346   5271   5827   7806
  844   6579    993   7541   2058   9137   9119   9596   4698   4516   9638   5909   8600   4177   9102   4089   1605   5277   2976   5523
 7152    269   4836   4210   6261   8500     72   8330   1910   6303   7662   4113   3918   1263   1647   7914   1917   1976   1401    492
  228    518   3583   3789   1912   5014   4904   1936   1842   4550   7532   4923   5078   5681   2039   7849     87   3002   2422   7499
 5521     90   5097   4164   3871   3734   1756   2809   3462   5243   1988    586   7163   8651   5134   2311   5988   1726   9689   1992
 9915   4722   2934   9268   9560   8683   3985   3717   5443   3181   6345   6173   8521   3062   2088   5801   4592   1926    289   1096
  804    572   1364   8188   3205    122   7778   5481    739   5537   2911   7741   8186   3730   8197   2241   3798    500   4889   8137
 2871   1782   6259    254   2069   7928   5866   4892   3456   5326   3388   1048    798   4344      3   3206   1716    264    887   1772
  636   2587   3950   7629   8279   7901   4933   5006   9584   2793   8611   7224   4686   1135   5045   4769   1758   1247   8497   2405
 7453   7986   3854   6421   6491   9660   4417   6518   8144   4013    868   2840   2571   1875   6774   2194   7674   3318   8952    206
 1300   2234   5940   5125   8599   1505   8185   7910   1785   4064   3984   8565   3723   1222   4482   2527   9582   3495   3306   3809
 7325   3966   4937   3937   2773   7419   7131   4992   2709   2900   8173    131   1693   6650   6383   7833   5880   8151   7128   9955
 1533   4953   2339   1490   4749   8228   2975   2219    852   9721    882   5130   6192   5593   1264    353   2243   9861   9462   8502
 7431   7811   5762   1359   2602   3359   4476   6603   1139   5796   1916   5632   6987    752   8227   9247    802   9057   4242   6462
 6090   9006    141   7942   3616   5359   5668   6282   5267   7540   4119    403   3048    292   6898   3386    943   2990   8825   2086
 3735   4202   7108   4995   8908   3229   3566   5723   6925   4103   2250   9319     29   9221   5891   1530   3951   3638   5208   3371
 9754    778   9870   8672   8608    279   1549   1752    363   5555   3766   3066   5657   7142   3930   1250   1953   8339   9407     16
 6254   9286   6486   8475   6543   9398   9281   2465    382   9085   8812   7813   6232   3605   7683   4161   3731   7329   5000   4034
 7061   5165   5469   2902   1778   9502   8322   6443   3232    866    635    769   9059   9970   4976   5070   3422   8704   1681   5063
 1523   2544   8763   3517   6883    341   6479   8760   8994   3913   6939   6938    861   7976   5764      4   9073   8056   5429   4498
 7604   3151   1881   5503   4576   5872   7620   4503   1774   7177   7147    639   5317   9277   7818   1978   2108   5990    331   3624
  158   7886   5993   9601   9611   5865   6974    850   8275   4512   3973   5919   9891   3553   2986   9262   1750   2616   8344   2680
 7756   1603   5384   9390   1721   9206   4346   2899   3799   1554   3917   8931   8335   3421    593   8236   7622    579   5921   3357
 9442   6542   9646   5086   5577   4708    297   6238   4993   6054   8449   1487   2104   6920   1767   6950   2393   4477   5932   9962
 4578   9198   1042   1185   1203   1402   5382   9787   4436   5800    464   9694   5913   2223   2859   9761   7474   4628   9141     34
 6708   9446   7594   6299   3044   6971   2159   7358   8756   7853   8333   1644   7570   5765   1159   3955   9744   3068   2894    255
 5680   7940    226   9004   1683   5488   1143   3617   9520   5566   4832   2888   6949   6911   3866    383   7418   3249   3647   3597
 5702    705   9675   8714   7136   2394   9682   3047   9845   2655   5843   6814   8903   6359   8829   8028   4558   1538   6409   9512
 4379   4827    670   1735   7319   7196   2349    328   9685   2992   8307   5174   4259   9626   2973   9151   4823   5579   3664   9725
 6098   5417   8161   9790   6976   3326   3603   2863   2357   3512   1738   8968   9359   8025    198   3325   8957   6094   2610   6377
 4145   6183   8940    547   1596   8374   2842   9043   1665   8742   9140   2669   4711   3041   8607    108    544   1070   6978   6230
 4591   5073   5973   5094   1128   7242   9439   8986   8978   7839   6373     21   2854   1267   1379   2792   6645   5299   2229   9267
 1190   3188   8532   5281    832   4047   3954   6388    325   4393   1225   1453   4430   9670   9867   9417   1746    490   3182    366
 1377   8230   8101   9616   8004   2063   5293    744   5735   3559   6852   6812   1472   7552   5216   6614   2612   5412   9817    957
 2656   6588   2532   3380   5422    713   1336   2399   9037   6742   7640   4338   4469   6434   5166   2788   5318   1697   1310    163
 4815   4906   8791   4956   1524    568   6033   4627   3290   1009   6018   2588   4547   5630    355   1802    225   3464   6315   5071
 6941   8646   9738   7106   8006   7260   4683   8547   3948   1995   1161   9872   6341   2514   7214   5085     13   6675   4451   8542
 8012   7338   2075   7000    566   7607   1723    886   5654   9499   2609   4658   3285   9432   5795   4431   3156    377   7703   2306
 5507   8384   5811    265    556   6162   8007   4374   6399   7396   9513   5789   5478    822   9211   4385   7968    526   6782   4580
 8361   2333   5874   7172   4696   1302   6933   5798    931   6474   4005   7529   5623   1462   7251   4120   3233   5158    294   9330
 2710    193   8586   7978   2780   6313    874   4152   1270    581    594    248   3947   1957   9776   6872   6803   6415   2034     93
 3452   4715   6599   7039   2153   7373   8854   5515   3364   1149    901   6189    990   7115   1208   1791   5027   1757   5664   2707
 8254   8693   5659   5301   4262   2679   5096   3701    761   4027   7399   3175    379    344   9199   3557   4666   7087   3429   8917
 9226   5608     45   4695   2956   9890   1889   1232   9586   7421   6386   4211   5137   5295   3614   7708   7518   5067   3223   9566
 5985   6638   8100   5383   3097   9110   9212   8192   1298   8963   2629   9650    204   8970   5274   9929   9967   4279   8214   1299
 1160   1668   9050   6891   2729    312   3132   6272   1952    496    466   8961   9086   7355   1075   3299   3859   7649   6390   7992
 3262   9728   5105   9093   1748   4348   5686   3635   5984   4201    378   1729   2952   9421   8950   4721   1334   8560   8634   7876
 4506   3980   3824     50   7116   3054   6072   3988    283   7040   1954   8718   2480   8516   7721   3162    445    596   1279   6354
 1295   1833   6868   9461    368   7072   1177   9101   1718   5126   9999   7183   6112    720   7315   2646   7157   5190    281   6819
 5432   5646   3894   7367   9133   3073   2751   1391   5139   7533   4659   2280   4254    756   5915   6686   3783   6877   5288    523
  930   7727   9336   9335    243   4135   1541   3877   6902   4625   6037   2725   5109   9895   7428   2730   9883   7168   9224    380
 4381   3365   6352   8459   4621   7483   5470   5873   6758   6205   9545   2776   6132   5127   9300   2767   1285   7014   7750   4521
 6791   7323    623   1686   5173   2166   1949   6810   1291   6153   8274   8121   4679   9186   3203   9118    781   3779   9676   2287
 7784   1012   9338   1007   6467   3061   1835   2582   2950   3202   7212   4566   3768   2360   9992   7860   1906   4688   1205   6848
 5558    483   7245   7522   1656   8376   2135    595   7415   6768   3826   3949   1506   4123   4837   2598   2122   8067   8983   1488
 4556   2607   9918   1170   1636   1659   5554   5230   5296   2413   4505   3898   2300    994   4245   4448    437   2524   6356   3959
  688    711   7255   3600   8734   4868   7761   1575   6385   6526    172   9669   3307   9559   3042   6777   2535   4366    174    410
 4271    336     70    696   8373   3352   2259   7754   1869   9631   9187    347    135   7318   2624     26   4719   7985   9755   4752
 9974   5797   8784   1617   5385   1447   6669    603   3561   3303    738   8523     81   7573   4480   6236   4642   1289   5476   1570
 6931   4110   3884   9021   2943   5552   6185   8271   9950   7175   9934   2070   9679   6057   4101   3923   3996   4345   1432   4801
  439   5974   2511   4991   1398   7996   6006   5942   1176   2734   6490   3332   9655   1271   7060   2308   1980   3120    148   3293
 9731   6064   1573   2305    954   9952   4838   1501    230   7510    435   6416   1073   1749    557   9507   4822   7220   6523   5713
 4309   1924   9253   3036   7848   7954   3526   5535   9928   8671   1658   3839   8132   4594   6946   4777   5162   5875   4967   4542
 8046   5471   3795    260   9478   4216   7755   5255   6815    684    653   1241   1832   3159   3252   2566   2184   3599   4901    284
 6217   5922   6178   5816   1340   5445   9238   5485   1057   6293   5989   9123   8736   3710   2927   2670   4456   7880   3108   5348
 5434   3336   9246   8633   9384   3563   5774    127   6913    495    633   1985   6887   2426   8813   8827   4411   9287   8063   1223
 5860    999   2492   1212   4315   8327   4747   8068   1613   5182   6400   1967   3133   6056   2578   1441   9098   2387   8848   8593
 9311   3124   3436   2409   6859   4527    978   8883   2705   3067   7586   7083   6664   9202   1277    436   3833   2507   9932   8754
 6087   1711   7412   9575   6470   3591   3916   8224   8706   8641   4153   5323   3457   6487   9920   4150   5712   8458   6432   5733
 5409   8165    672   3531   7630   4068   7185   3529   7740   2379   7491   4400   5629   6457   6666   8597   2651   6660   2814   6273
 9642   9116   6522   7238    528   3354   9170   1258   6079    200    644   2109   2694   4586   9181   6300   1544   7363   2141   5997
 1968   8164   8187   5032   3572   9957   9259   4054   6242    263   3248   7766   9503   6420   6475   5927   2320   4502   6559   9879
 3476   1361     57   9851     25   4475   8664   4954   2029   1855   1903   6801   2358   1119   9995    667    449    809   1548   3703
 2724   1887   4011    722   1010   7144   5150   4567   6876   9554   2808   4394   8764   5425   3509   1394   2235   4764   7103   2818
 7035   4312   6047   7695   1327   5862   6567   6425   2843   6582   7096   6073   1294   7722   4250   3291   8657   6095   8363   1027
 7628   2014   2079   2750   5943   4569   2688   8979    521    327   7089   6807   1867   1944   9383   6968   1571   2987   6301   8013
 2849   1546   3127   6798   5233   3759   1762   8767    252   1878   3215   9551   8358    519   5594   3654   3518   9126   1024   6265
 1066   2485   5556   9868   3560   6828    895   2573   1521   2130   2018   4735   1114    182   7401   1039   3850   1178   6224   8741
 8776   4781   7285   5711   4783   3449   3220   9759   6244    304   3099   2925   6211    569   3692   6827   4102   4691     32   6591
 2523   6149   3138   9441   5826   4203   4228   2947   8092   3438   2913   2603    718   6100   1931   7352   2272   4172   2886   4748
 7815   5355   3646   1870   7335    414    972   2508   5492   4367   7816   3804   3184   9874   8845   9060   6448   6821   5418   2642
 9165   8089   7170   7689   2693   5370   3302   7858   5266   9732   8750   6275   4056   4790   6284   1908   4820   7017   7029   7400
 4033   9834   2299   1886   7159   1121   4397   5591   4796   3344   5842   9307   2877   6583   4669   8391    487   1037   6121   1816
 2528   1688   8033   7582   2263   9530   7948   6476   3480   4504   3224    440   8367   4568   1218   2350   7732   6269   9876    358
 4626   7919   2850   8485   5069   3704   4919    191   6212    923   7584   7380   2891   9049   1314   6947   4350    447    432   8457
 3137   7531   5057   7215   6075   4825   8245   9919   1017   2935   3688   3777   2912    580   2904   3090   8958   8323   7679   5621
 6661   4590   7489   1760   9506   8435   4880   7861   8120   9688   3870   1045   7825   2867    319   1896   2138   6020   8639   8496
 4660   5643    178   9797   8722   1905   6214   7705   8788   1036   2953   2764   5660   8662   8838   1199   8110    169   9453   6437
  259   5610   4154   2846   1922   2281   8413   1053   2169   8438   8771   3112    550      2   3467   5304   5423   2330   6107   7390
 6084   8157   1244   3190   3677   6380   7524   2260   2147   3140   8088   5677   9301   4876   5403   1706   8203   3208   5644    409
 1630   6759   8962    229   8702   5751   5098   4423   4508   1373   2414    428   8655   6781   2455   1643   9946   8954   8755   9701
 6145   5029   2347   7583   6263   3130   4689   9122   7111   5698   3989   4347   2661   6998   1727    645   6027   4155    896   8744
 3941    208   6847   8809   2650   4183   5738   5970   6982   6174   3782   1476   6164   4885   2548   6598   9031   4226   2626   9594
 4361   4522   9514   3792   5769   7101   5846   9692   9366   9814   4442   3131    609    300   4334   5781   5783   6884   4726   4167
 3239   3972   8169   6125   8621   9522   4396   1717   5829   1358   3254   5252   7236    881   4729   4330   6548   9940   5887   2367
 2005   1333    461   5329   6709   1830   4021   2543     49   4593   7249   9332   4509   7104   3883    119   9803   6844   3515   4454
 7347   5247    902   9205   4597   7516   7354   9695   3865   2940   9720    969   6984   8861   3822   2391   9270   3542    588   3817
  559   8266   1964   7558   4364   6531   1827   9718   9862    679   4429   8551   9838   2157   4218   6504   5752   9191   3369   4668
 3335   5957   1741   2712   4420   4984   5250   4305   7932   7677   3093   7921   8342   8563   6610   8395   9712   7107   7097   4369
 5586   8777   2915   6223   8636   7124   6246   9104   7074   9418   5858   6517   3608   4912   1019   5896   8944    332   5780   4595
 5695   7729    517   6452   4140   6716   2782    369     69   7929   4428   4677    929   6096   1209   3516   1284   2355   3193    552
 6484   9780   5290   7854   4112   4173   8316    405     52   6737   7333   1152   7138   2418   4917   3598   9348   8781   4174   3715
 8616   1829   4551    883   8783   1780   6926   8689   1033   4596   3634   5912    604   4471   5636   2083   6695   3275   9801    797
 1106    833   4818   4224   2779   5068   5823   4619   5180   5802   8870   9661   7186   2685   3709   1175   3003   3926   6482   4490
 8573   8540   9353    959   8713   9841    509   9577   5701   4472   5580   4874   3117   9662   8486    728   9375   2061   3263   7350
 9823   8180   3490   3214   3928   2042   5936   6927   2425   9528   8215   4383   2181   7980   6498   7259   3670   8538   6001   7407
 4733   5040   6683   3052   6722   6447    455   2303   4277     74   3324   6789   4936   7965    338   6794   2436   3627   9521   9138
 9188   3092    385   9117   8513   9791   4990   5941   2579   3657   5131   7446     30   8437   9777   2471   8112   1140   3030   2231
 7306   6515   2491   1691   3257   6171    179   7064    558   3050   6694    764    700   7393   5264   6053   2774   9927   1319   4094
 3712   4041   5095   6337   4608   5360   3663    273   3604    796   4805   8390   3274   7666   2190   4638   8715   1983   5582    803
 6005   3189   3472   3031   1493    927   2643   6347   3968   9497   6787   3953   9909   8539   6596   5178   2989   8039   9637   2848
 8640    922   4474    145   4973   5160   7638   4072   2199   7575   5804    977   8796   1014   1393   2704   8508   7937   2477   3043
    5   6956   3548   8945   4124   7962   8673   4233   5950   8880   7192   8051    276   9565   4086   5544   8910   1471   2939   1461
 1695   1702   4972   7834   1444   7879   9665   7326   5904   1666   1018   1322   2917   7647    826   6040   6566   4727   1684   7140
 6191   1131   1622   9143   6123   9620   3718   5625   6369   2574   5583    424   7746   7205   3629   1576    164   7845   3272   8690
  133   2885    743   4481   3218   1454   3330   7867     67    585   4517   9207   6646    724   3564   6604   6063   8493   9290   3576
 2206   3841   2408   5211   8243   6511    807   5236   8596   4165   1351   8309   5186   5717   4808   8102   6026   9877   1591   2606
 2484   5763   6873   6805   9070    662   2498   7078   4399    465   4468    789   8687   6841   1637   6850   2556   8242   5893   2499
 2741   1443   3762   1435   1970   1179    155   7281   7381   9376   8181   8712   4602   2136   7052   9285   4010   2016   3343   7114
 8520   1307   2251   3537   4839   8579   5104   9279   4141   6757   1122   4215   5179   5003   9000   7099   1003   8867   1847   4526
 2876   7623   4441   3760   6019   6374   1339   7911   9063   7773   1602   1165   1948    168   9342   3078   7336   8442   7762   1884
 9459   4375    506   2539   7465   4127   5363   9636   2878   2456   9367   5889   1077   8017   8876   8936   6896   1207    220   1940
 8503   8422   8377    322   3167   7442   6310   2831   4213   2322   6538   9734   9804   6340   2237   4473   9567   6180   7012   2411
 5081   7075   2033   6417   7682   1137    480   3889   1860   1420   7123   5767   8474   5475   6117   4042   4359   3312   2926   7481
 1965   9213   5784   3821   8484   8851   2635   4807   4978   4096   1979   5828   7865   9189   3896   6649   2653   3921   7788    340
 9053   5911   1960   5439   7182   1528    875   6248   6562   3253    123   4649   7717   7414    995   2437    180   6306   1136   2982
 2209   2561   3869   7032   5925   1701   7572   3183   7305   3226    574   1052   8247   1192   9308   9131   7907   4424   7010   6986
  520   4425   5401   8252   5728   4028   3161   3707   3255   2883   4452   6673    987   8723   4795   5259   5065   2378   5547   5089
 6348   2789   7931     91   4310   5791   1615   5185    715   3527   4710   5204   3129   9094   6394   1804   3458   9709   1005   3767
 4260   8049   3550    657   8969   2105   3320   8176   8443   5617   2474   2125    262   9220   7804   1808   1167   8729   9343   1662
 9898   5835   3049    372   1836   8620   9569   8630   3727   1874   7460   3653   9697   6527   1332   8995   1773    897   6775   8264
 4546   6500   5933   2887   2988   8237   6403   9556   7837   2962   8912   1061   7328   5254   9978   8306   6495   7160   2128   9904
 2833   4684   6472   9408   5402   6031   1928   4867   4121   8913   4496    316    278   2735    360   1311    563   5871   2310   1587
 5710    516   4997   1834   9069   3139   1341   4600   2328   6431   2802    388   2716   5603    709    457    891   8647   2176   2985
 4697   8975   1852    250   9370   6864   2049   7234   9526   5679   4738   3358   9989   2340   5283   5257   9457   8211   7110   3582
 4059   8014   6553   8529   5569   6202   5153   5083   9722   6208   8972   5995   3778    138   7145   1709   8660   8612   5906   9906
 2096   3840    245   7800   1495   6012   2457   1997   1273   7580   2683   6080   2449   4994   3934   5910   8530   6676    402   6886
 1091   5557   1959   2991   3744   8644   9825   1390   6082   4946   7452   6854   6251   6150   4043   9548   3836   1631   4540   9302
 2469   9496   4351   9552    955   1093   3536    880   1545   3341   4256   4301   5404   3286   7001   7199   3461   6483   7760   7779
 4029   9993   6833   5491   9534    763   3738   9986   9438   7690   4770    505   9044   2585   9385   7922   5239   3375   6831   1566
 6478   9729    362   8661   4329   7871    157   1063   1430   8441   7066   5315   7545   7184   8341   1102   1610   8668   6767     99
 2897   9954   2495   3060   6975   1181   4458   7286   9007   8261   8877   6541   5353   8434   4389   7019   4921    430   1913   1535
 2146   9988   2282   8304   4500   2238   2435   6071   8109   4989    185   1385   9668   9013    643   2791   2003   4562      9   9810
 5779    560   3613   9968   3070   7034   4453   9399   1660    321   8123   9748   5377   6957   3412   3746   9574   3671   9913   9856
 8467   6204    499   7244   8260   2178   6327   8105   4087   6558   8182    548   9337    280   4650   6962   6617   4703   4734   8336
 4731   1342   8720   1806   7383   1927   7862   4635   4212   6267   9737   7686   5750   9275   2123   7439   5964   9570   3538   9066
 5672   3872   4507   6296   6903   2892   9896   7644   3235   1657   5729   5620   9121   5509   8899   1032   5905   9600   1448   2023
 8953   5892   7770   7292   4675   1540   6002   8029   1206   4283    573    757    640   8491   7564   3451   2006   6973   9347   4881
 2068   7049    173   7643   2658   3401   1494   8296   2819   5356   7090   1235   9822   7388   9471   3391   6066   8619    323   1641
 3323   2383   8265   2554   3722   8082   2590   3417   3082    309   8985   9621   6453   5424   6184   1883   8445   7389   8849   8427
 7537   5052   1857   6428   2091   8725   4852   2332   4285   4572   5663    129   7859    975   6038   3899   2711   1831    655   4582
 4248   1237   2648   2576   7663   5821   3087   3547   8510    919   2106   3794   3922   7955   2277    801   8409   1563    288    784
 7364   7987   9358   8431   3994   1154   7513   3387   9360   8010   5667   9796   1411   6106   9926   3861   5171   7426   5262   3105
  613   7758   9159   4207   3938   9847   3967   4232   9617   2085   4410   7195   8381   2563    266   5806   8648   1651   9727   4768
 5926   6839   8595   5877   7669   1084   6235   8060   5545   3714   8628   7637   7560   9518   9413   1395   9022   6129   5999   4806
 6840   2855   4866    725   8042   2293   7169   5530   4785   5541   2294   9219   9276   6521   8992   3122   2389   1408   1585   8694
  150   8824   7384   7475   8818   1595   7239   1776   9088   8993    811   1621   9899   2428   2472   1255   5023   1436   2359   5269
 3655   6712   4948   7375   2627   7725   2364   3327   5930   1215   1899    632   9719   2467   1627   3751   1423   7645   7033   3754
 1942   6537   5099   7831   9997   4762   6788   1060   1113   8171   4929     44   9667   3571    924   7918   6024   7959   8802   9324
 9313   4942   8059   6305   9486   9826   2591   2997   2078   6750   9756   5368   7166   4603   8517   1343   3534   2813    652   1755
 9264   1251   7055   9987   9805   7798   2144   2993    106   7430   4336   5458   7179   5963   7693   4037   4007   8418   1982   4049
 1502   4055   2895   2172   4002   4644   4958   6723   9494   4377   7094   4257   5020   7257   4870   1216   7587   4159   4685   9252
 8543   6060   5851   4151   3447   7903   3102   3886   4092   7466   2060   5413   9673   4763   1987   3943   8549   4012    964   7904
 8537   4970   6952   2552   7801   5633   6195   4811   9002   9750   4182   8357   5321   8907   8465   6034   2501   2417   9893   9173
 6574   2198   2368   2875   6697   4544    925   8703   2936   8179   2132   1465   3739    648   2974   1117   9710   6535   5251   4534
 4908   1308   2500   5742   1882   4004    663    335   5908   3268   3691   1195   7109   8745   1645   1164   5685   5741   5265    118
 6932    467   1838    669   3849   5847   8853   3174   8930   1047   7256   3903   9357   5333    846   5229   2844   8241   3908   1069
 1564   1606   8790   5215   7091   5051   2919   5026   9793   3284   3674   5817   9763   9235   1634   6797   7973   8383   5272   6677
 8498   1134   1127   8387   1837   7576   7946   1740   5091   4964   2044   2067    616   6760   5637   9344   1202   4988   6520   1193
 3755   1514   6589   9977   6584   2120   2464   7590   7178   4362   6893   4093   6577   8766   9447   5682   5456   9902   8368   4292
 6895   5054   9160   4985   2255   8356   6133   8471   4828   5223   7417   3764   8941   1145   6398    936   3355   8273   7445   9132
 7841   5440   5596   3958   4799   5059   8577   3543   6381   5128    758    381   6382   5822   8473   4879   9127   6101   8011   5901
 3684   3990   3442   7473   3678    625   9381   6799   2568   9961   9578   2179   4555   9910   6549   9553    629   7038   4282    885
 9217    237   9649   1853   4418   2335   8096   4299   8476   4149   9604   2924    453   1673     84   3510   9916   2186   8129   7339
 5414   2376   8425   3046   5309   4784   3006   8894   1399   7961   9149   9484   8276   5721   6710   2200   4412   6746   7905     48
 7356   5286   5168   4349   7287   9647   2494   7526   7054   2537    973   3702    698   4549   8000   5597   3625   5161   7485   2983
 3814   4099   7345   2162   4873   1008   5690     94   6440   2230   4671    824   2240   4104   7979   5560   4986   1583   5808   5426
 3150   8850   8567   8027   8160   1685   4563   3196   1261   9610   4462   8807   5238   5561   4932   9019   1715   1455    549   1249
 3742   3570   1297   5743   6360   8747   7330   9414   3113   5882   2161   9529   2040   2838   7673    290   6110   1015   3729   3816
 4916   3146     40    618   3149   8111   5618   8856   4128   6719   9174   2654   6551   2012   5819   2743   4583   9341   2054   3142
 1604   6597   2084   6678   5154    241   7022   6860   6951   6430   3595    257   2404   1412   1125   1245   8889   7276     42   3373
 5634   2261   4613   6557   3827   7609   2361   3942   1895   8778   5578   6785   2000   2249   8081   1101   4001   5074   3269   7129
 5214   6216   5345   9194   7923   9583   4861   2447   9933   7031   6233   1765    176   6792   8667   4190   6304   6707   1597   1344
 4460   6999   2283   7006   7624   9699   1929   3023   5497    267    423   7307   8892   2489   2605   6016   6277   1355    716   3662
 5141   6442   4925   9939   3997   7843   4745   5718   4097   9075   7974   7477   5648   1023   7829   2732   3164   4983   3145   6130
 4225   1663   3316   3154   2575   3481   4523   3679   2914   2978   2168   1640   4402   4950   9161   1814   4337   2967   1652   3058
 4495    470   2752   6346   3485   8108   5392   5683   8311   9215   5398   2637   3494   4655   7739   4610   1330   3079   4249   2570
 3005   9150   1153   7208   7243   7065   5894   6175   8083   3640   2738   5931   3243   3222    152   9837   5431   6882    418   9848
 5914   4682   3407   8857   4308   5599   5938   9819   3094   1915    961   8464   2102   6619   8303   7574   5836   6043   5631   6372
 4493   5890   8686   3503   6550   8050   6851   1795   7887    201    980   4373   4304   2216   3750   8331   4636   8981   5037   9749
 2289    352   3201   1803    941   4678   3432   6156   7252   1186   6838   9168   3135   4552   6632   1796   4736   8665   6193    620
 2806   3623    419   8964   6824   3011   8267   7041   4713   1527   7600   3756    916   8554   2777   6028   9648   6331   4787   4298
 3410   2145   2675   2692   3878   2134   8492   1227   1076   4565   2228    707   7278   5349   8885   2121   7927   6922   1464   7724
 9598    904   3428   3089   7433   2321    343   3163   6648   7710   9251   7602   2981   6177   4433   8987   2077   6731   1898   9016
 2093   4191   1974   6738   8625   2747    650   5292   6143    828   2595   4175   9349   7665   5983   4231   9488    522   3650   7565
 6092   4403   6568    502   7076   3858   8893   4681   9808   7547   6693   8865   6424   1670    934   2101    675   5188   6875   9802
 4137    124   5520   2124   8142   5688   2744   7906   8495   8682   6257    537   6532    376   9129   2645   3761   2553   9613   3975
   24   7868   6912   7258   4674   6152   2021   3879   8332   8831   4401   2521   2760   6279   1893   4615   3686    815   5980   3247
 4830   9023   7796   5951   1580   7891   9333   9615   3413   7990   5968   1265   7657   3385   3823   3962   7353   5200     60   9696
 1815    835   1862   9314   8119   9572   3846   7994   5792   5205   9309   2097   2017   1224   5649    317   9983   6607   9809   3927
 4854   3134   4965   6569   8506   1536   1337   4553   8998   3004   3350   8229   5473   2853   4143   5689   3970   2454   4483   4288
  862   7488   2365   4067   3037   9527   7713   8283   3699   6561    869   2749   4662   7282   9255   5391   2271   9758   8872   8400
 9537   7371   4307   6168   9880   2048   1719   4378   2929   5084   4368    296    651   3925   6845   4237   5285   4497   1805   5770
 8343   6013   5550    175   8614   7059   8308   4326   7016   2905    458   5982   1001   1496   7117   9543    671   6104   3199   5568
 6446   6225   9651   9028   3963   2341   4036    857   1876    772   6823   8124    917   6435    140     43   9260   9175   8541   2960
 7025   9653   3029   7812   7777   9166   2533   5043   4501   9829   3308   9672   8817   8321   3900   7432   2786   4284   8915    401
 3711   2503   7699   9271   8392   7791   2672   2062   2930   5876   1894   4814   3965   6572    253   2959   9798   5655   1675   5467
  836   3772   5411   1612   9894   9768   7456   6618   5152   6308    747    658   2728   3785    302   3698   1089   1581   2969   3784
 9095   3581   2213   4968   5192   4742   3924   5528   9051   1365    599   5645   9363   4272   3528   9263   7636   4313   6961   6176
 4692   6319   6048   1445   9485   2931   5928   9585   3212   6959   2315   3450   1312   7435   9011   1025   6858   5994   2996   3659
 9071   3403   9865    665   4952    692   4834   4070   8749   4538   7369   7983   7507   2461   1484   9800   2297   8416   6745      6
 1902   4975   8920   5512   2768   7598   8150   7803   7440    733   3482    988    482   7820   8943   2094   3769   7500   8326   2074
 7505   7947   9523   1784   4886   1737   4532    183   6466    143   6741   7344   4386   8806    788   3114   4171   1761   1142   4774
 9813   6506   5164     98   5856   6336   7870   9134   5567   2529   7916    485   9067   7639   9772   7197   8293   1934    723    946
 2785   1699   8881   3053   3658   8770   2525   6624   1210   9074   1569   4117   8269   8928   8632    785   8716   8624   9532   8478
 2664   1619   1200   4899   7506   7694   2671   2353   7310   1956   9261   7004   5170   8152   7633   8584   4178   7316    532   6007
 1116   2185   9491   1840   2564   5666   3185   2210   9015   8170   5226   3645   4314   7844   6291   7949   6408   4236   9327   7424
 2631   7786    337   3404   3848     83   4791   3978   6534   2703   7311   6264    938   8911   9463   3397   6041    462   5966   2873
 8568   4888   3101   7484   4859   7776    805   3728   5340    540   3158   3579   2466   3944   8031   6779   1133   9402   2107   4670
 8134   1108   7988   2510   7642   3812   7134   9444   7194    329   9038   2530   5546   4006    864   8468   4074   2715   1409   9345
 4069   9274    950   9195   9466   8840   4939   3544   4083   1642   8291   5510   6786   9258   8709   5736   1943   7936   6992   5511
 1214   7198   2046    748   1301   3610   2662   4817   7671   7875   4081   2706   6643   7525    357   6114   7768   2558   5454    745
 9905   4931   5604   1632   9965   9351   5526   4930   3820   6519   8200   3995   8470   3244   8362   5455   1777   1935     12   5437
  742   8328   9489   6458   3128   6897   2071   7588    760   2470   4802   8024   2608   9386   3431   6609   8255   9911   6995   6044
 1276   4712   9291   7229    582   2910   8446   2316   7447   9048   9400   3022   1553   9190    311   7767   2923   1418   2381   8524
 3892   4026   4205   6965   3283   9618   3363   5987   9658   1375   9394   8658   3295   3176   4263   1406   2890   2847   9664   4419
 2103   6514   5007   4843   6219   6405   6253   7850   6461   3622   1062   1477   7322   7346   5958   9770   6563    181   9391   2444
  479   1130    920   8938   7852   4166   8310   7658   7874   2714   6387   7068   9288   4887   9498    391   3216   4793   5482   7063
 8654   7902   3195   4235   8569   8078   4664   9875   1653   8555   2958   6025   2451   5517   8891   9818   1743   5465   9483   5948
 4705   8041    721   7361   8205   8263   2771   9517   7655   8396   3676   4243   9120   2906    597   6159   6761   9501   4701   2761
  361   2027    893   8382   2921   8732   3502   8147   5256   9214   9949   1635   7528   6928    985   8711   8879   5576   5022   4275
 7605   5665   9730    863   1504   4437   7021   7704    144   6556   6321   6878   6699   8762   5559   2290   5923   2118   1256   6680
 3455   2112   8909   3266   6940   2295   5428   5316   9078   9516   4360   4132   5237   4740   6402   3845   9492   4382   1859   2918
 3811     89   2636   4656   1503   3393   5479   9691   9450   6065   4332   7438   1646   5381   5092   7005   3793   3086    107   2622
 9329   3267   2252   9368   4571   7408   7846   5058   5062   2531   6200   4106   6637   5372   6464   7086   9623   7314   6144   6029
 9443   4479   2665   6554   9026   2684   3100   7648   5967   1283   2371   1555   6552   6015   1559   6993   5748   2406   4445   4918
 5080   2475   7247   6477    703   4960   9460    373   6907     37   6179   7158    621   6846   5075   8884   7893   2949   6035   3024
 6825   3072   2519   1156    153   8751   5009   2242   2641   1371   5551   8026   6843   8001   7744   7053   8576   7291   1111   2757
 8163   6410   5776   9282   2823   8888   1021    867   6367   6916   8832   2628   6108   8125   2964   7969   9525   6091   3843   6358
 9108   8507   4894   1813   2275   1588    128   8421   4841   5841   7045   5613   8533    160   1480   2001    740   8072   3360   2207
 5232   8489   9234   2072   1468   8871   3408    894   8337   7349   4755   1783   6172   6620   7221   7404   1080   4539   2778   4044
 5453   8949   6894   4390   4408   7519   4789   3749    534   7993   5408   5788   8562   7112   5744   9557   8902   4824   9943   2649
 2187   8692   2478   3282   6769   9563   7802   4196   8393   7685   1282   3857   3897    275   5302   6690   3844   6078   6606   1518
 7509   3333    217   3198   6668   8131   1933    161    286   1041   5678   9711   6298   6967   6717   9580   6743   1148   2154   3520
 5049   9678   9269   7261   8691   2420   8087   7312   1162   5616   8681   9296    481   3353   4435   2448   1690   8460   6800   7915
  510   3601   5328   2824   4061   4478   3026   5336   8122   5878   5082    238   3979    334   1586    216   7982   3065   9589   5444
 7132   7459   6627   6046   4144   3952   7130   2841   4612   8794   3334   8385   2812    497   2639   5726   7716   3497   5706   9769
 8999   1671   9885   1296   9297   3019   1654   7501   6865   4618   1703   8830   7805   4116   6010   2245   4771   9012   8522   1823
  570   3533   4803   6239   6361   7991   9612   8590   7127   6274   2742   2218   9469   1415   9435   7042   8869    232   3143   6309
 1766   5322   6930   7641   5053   8929   3076   2542   5518   5589    693   8318   4757   8605   6658   5590   5396   6288   2032   5500
 9704    110   8566   8561   2938   2634   2388   2156   2807   4520   8811   9850   5622   8862   3477   7201      7   9056   5442   7851
 2998    504   6578   4716   3018   5652   8680   3690   6384    624   4536   1274   7763   7472   9369   6908   3539    149   2334   1920
 7264   1904   1764   1969   6438   5531   2625   7554   3976   4545   3427   9032   9622   6540   8810   7284   3513   6954    854   3694
 1331   7566   9452   7263   9193    918    306   5311   3259   5189   9740    166   6701   5898    285   5703   7619   8284   3946    346
 4739   3116    219   4470   2468   5959   2351   5361   4643   4444   5969   7167   8801   3565   5570   7535   4319   8282   8982   3473
 3038   6804   4652   6081   7709   2370   7296    190    970   6032   4356   2851    676   8401   2720   5627   1174   1560   2401   6258
 3221   9479   3398   7735   9936   1861   6981   9994   8220   4724   3838    268   1821   8587   4798   1259   4335   8841   6988    947
 8093    780   2483   4169   7411   6979   6994   8350    170   9467   9295   8488   6654   1522   2879   2601    766   1234   4657   6102
 9379   2769    416   3590    821   7654   4584   6166   3107   8839   4911   1429   5522   8897   1081    375    806   6756   5536    587
 5954   5584   1446    601   8815   5466   2968   9603   5157   7553   9487   7700   8935   8097     58   3802   1510    394    478    843
 8973      8   4810   3109   6764   8997   7809   7295   4065   2722   9374   8340   5879   1890   8315   8145   2008   5730   7697   5124
 7618     35   4133   4756   5446   5671   3171   2759   8700   3219   4588   7302   8518   3666   2765   8155   9599   8852   1457   5451
 8412   9241   4406   1058   2131    210   9873    314   5749   7606   4725   7461   2343    840   4085   5261   2821   4088    729   6740
  799   9107   8002   1290   3668   9096   7495   4842    151    400    983   8787   9084   2203   1594    605   8414   9273   8251   6307
 8684   5986   4328   5066   4019   3445   4222   6795   7125   5573   3230   5112   6657   9846   8259   3585   9542   9097   2007   2945
 9356    591   7241   4813   9475   6317   6255   7271   8453   7213   1169   5972   3828    859   3301   8417   6766   6161   5199   5696
  415   4987    877   2731   5117   1820   6229   3573   3936   5421   2858   4142   6252   3606   8191   2440   4741   3885   5436   2618
 2565   9156   7944   8740   7634    320    952   5869    543   7785   6439   2258   2026    472   5268   3631   7882    928    590   5755
 1963    113   3649   6508   7814   6135   9888   2431   4077   8860   2204   1467   7538   8216   3415   8077   9708   2092   7577   7043
 2652    998   1374   7819   7467   9411    555   4746   4577   3929   6234   5390   7080    303   2373    427   8045   6000   1431   2803
 2862   1958   6943   2291   6778    611   9208    910   3721   1350   9602   2721   6829   6834   1624   5187   1349   4611   7289   1414
 7047   3716   6991   3508   5220   6111   9684   8290    963   9209    912   2015   5107   6832   7956    390   6050   4706   2403   8717
 2279   1865   2723   3660   9018   3890   7913   2933   5366    956   2374   6910    691   2139   5357   6822   1173   9152   5918    452
 2066   6688   2164    966   3394   2115   2696   8250   7387   4066   1317   1486   7681   5312   9436   3689   2312   8697   8942   4945
 1730   5850   9990   4199    356    395   1822   2013   6499   8863   4014   3935   6770   7706   7268   8509   9299   9659   1110   6411
  849   7810   5917   6297   7265   1529   9789    683   1600   3773   5144   6088   8519   6241    932   7863   3091   2329   9656   4574
 2232   1846    246   6049   2463   7146   5939   6280   6473   2617   8270   4651   8138   1056    115   2763   9257   5033   3315    258
 1966   7240   1900   5725    305   1989   1243   2056   2189   5758   2323   9632   2946    503    687   1266   3487   7135   5899   6426
 5815   6703   7733   4857   3593   2113   7615   6944    295   6122   9606   6042   9055   7687   4744   8821   1389   8676    354   8785
 7621   8107   9317    474   9931   4443   3874   2908   3807   1516   6349   9218   3423   7391   6170    976   3251   2257   7067   7523
 6937   5308   8623   5297   1078   8900   2170   8223   3271   4833   7297   6276   7504   7894    908    136   8965   8090   1466   5935
 7498   7975   6869   1817   9981   6155   1196   1370   8299    434    589   6700   9884   2380   9201   7331   4118    962   1233   5172
 5198   6625   8436   6507    816   6365   9223   1287   5415   7189    433    786    690   2686   6899   3905   1509   3040   9424    370
  195   3028   4511   6571   6069   9641   9464    188   9312   8603   4944    244    386   5279    960     82   2589   8550   6691   9944
 3277   7751   1739   1470    227   4587   2597    203    909   6611   7530   7873   8257   8581   9323   3279   9836   5656   9354   1901
 5785   5004   4661   6730   5501    627   9966   1705   6376   5605   6861   4554   9788   8287   6667   4449   5839   6344   4353   3289
 3862   2781   2667   2292   5602   3204   4073    192   4758   3532   4864   6497   1542   4489     68   9724   9743   8525   2592    753
 3864   4095   9963   9630   4208    307   8904   5209   5330    456   2087   6867   1962   8466   3460   3439   2362   3405   7769   8040
 8128   9531   9236   1000   9828   5888   8779   5106   9778   8008   2828   1907   3832   7002   5305   6613   2928   6131   2043   3724
 1242   3776   2052   9482   2713     73   5540   4647   4543   6158   4416    221   3831   5771   5191   4633    501   8834   2010   1324
 3236   8366   2522   7164   2191   9767   2611   3441    240   3993   2674   4875   3797    829   6355   1599   2081   2416   4979   8207
 8793   3736   6221   6536   6806    915   7950   9001   9371   4269   7398   4573   5169   1325   3106   8731   3748   1826   6641   5508
 2304   5249   5952   6576   7008   8394   4714   8836    577   9707   3505    762   9715   5606   3165   3329   9597   2593    406   1428
 1972   6375   2805  10000   5331   5812   8837   8480   3665   6631   3914   8601   6218   8659   1354   4639   1303   1818   3628    710
 8386   6605    600   2766   5420   4024   5407   8168   2569   2174    348   4935   6773   7470   7119   5365   1046   8710    529     20
 3311   7100   7610   1873   4031   4537   8208   3630   6187   2872   8355   2647   5195   8314   7457   1880   1801   7301   9677   6335
 6067    951   8389   8956   2490   9973   5041   4530   4699   2441   8190   4325   1497   5133   7817    538   1107   8076   9878     38
 2129   7217   7836    732   9304   6636   4395   8348   7838   6127   4052   8527   4605   6696   7939   5207   1508   5976   4614   6154
   88   7095   4197   3514   4809   4581   2621   2526   5347   4051   4122   4426   3981   8866   2861   2217   1892   6333   7394   1677
 3737   9833   8058    350    162   5394   9635   7360   6863   6379   2076   1449   5693   6955   1986   8531   3596   8133   8674   9821
 1434   5386   5435   6727   9426   4977    554   9372   5787   9113   7676   1628   6889   5459   7324   2534   5227   6573   8302     54
 4333   7747   3298   8292   7233    602   6942   2562   5840   1404    562   7585   9404   5615   3915   8996    889    771   6830    905
 8919   1897   6406   5929    641   4561   8084   6560   4244   6525   5225   2681   1781   3895   7726   3971   9540   6423   7486   1481
 5380   5351   6268    299   3096     62   3568   4484   9136    130   3147    888   3682   9440   9690   1155   6715   6433   7712    393
 7082   3121   9320   5039   4342   3522   5235   6182   8305   2099   4126   7092    408   5114   1707   4779   2100   8536    112   6612
 2972   3719   2599   1144   6021   2175   3863   5194   8548   7058   9396   3240   4720    342   8626   9765   5462   2098   9923    469
 2024   4499   4488   8048   8281   1614   8023   7935   1085   9176   9146   1318   8635   4637   7228   5612   4494   7317   6634   5244
  551    468   4200   2550   7960   1674   5374   1661   4922   9455   4492   8334   4620   3834   3478   1918   9169   8440   2893    571
 5202   6469   8988   9350   8728   8402   6753   7787   2002   3155   4136   7370   7273   7437   7098   2795    274   2748   9142   2150
  814    876    224   3621   8923    614   5924   9377    914   5036   8780   2313   3618   5001   3882   3237   3170   7425   3399   3245
 9634   9064   9448   3319   2301   2352   7977   9058   2028    333    450   1648   3810   9625   9840   3361   9713   8280   8253   4340
 9587   4465    392    489   3982   1556   5881   6163   2784   6427   5120   1082   2256   2366   3111   6141   7468   3876   7023   7569
 8461   8239   8086   4773   3313   5863   2829   3683   4780   5175   9256   2197   4525   3632    539    536   7013   3911   2246   9068
 7718   5719   6918   2386    942   8914   3667   7957   7664   7672    431   9179    812   4533   4240   2057   8378   6623   3986    695
